MASTER THREAD ENTERED  
-------------- THREAD0 : Write Operation --------------
 <2538650233> [THREAD0] Entered... 
[THREAD0] POSIX ID : 3968675645
[THREAD0] LINUX ID : 681
[THREAD0] LOG : CHARACTERS WITH COUNT < 100 
         (j) : 26 
         (q) : 4 
         (x) : 84 
         (z) : 12 


<3303662841>[THREAD0]: Exited normally...
-------------- THREAD1 : Write Operation --------------
<123462841>[THREAD1] Entered...
[THREAD1] POSIX ID : 38675645375
[THREAD1] LINUX ID : 682
<CPU STAT>
cpu  5244 0 356 115109 69 0 4 0 0 0

cpu0 5244 0 356 115109 69 0 4 0 0 0

<CPU STAT>
cpu  5254 0 356 115109 69 0 4 0 0 0

cpu0 5254 0 356 115109 69 0 4 0 0 0

<CPU STAT>
cpu  5264 0 356 115109 69 0 4 0 0 0

cpu0 5264 0 356 115109 69 0 4 0 0 0

<CPU STAT>
cpu  5274 0 356 115109 69 0 4 0 0 0

cpu0 5274 0 356 115109 69 0 4 0 0 0

<CPU STAT>
cpu  5284 0 356 115109 69 0 4 0 0 0

cpu0 5284 0 356 115109 69 0 4 0 0 0

<CPU STAT>
cpu  5294 0 356 115109 69 0 4 0 0 0

cpu0 5294 0 356 115109 69 0 4 0 0 0

<CPU STAT>
cpu  5304 0 356 115109 69 0 4 0 0 0

cpu0 5304 0 356 115109 69 0 4 0 0 0

<CPU STAT>
cpu  5314 0 356 115109 69 0 4 0 0 0

cpu0 5314 0 356 115109 69 0 4 0 0 0

<CPU STAT>
cpu  5324 0 356 115109 69 0 4 0 0 0

cpu0 5324 0 356 115109 69 0 4 0 0 0

<CPU STAT>
cpu  5334 0 356 115109 69 0 4 0 0 0

cpu0 5334 0 356 115109 69 0 4 0 0 0

<CPU STAT>
cpu  5344 0 356 115109 69 0 4 0 0 0

cpu0 5344 0 356 115109 69 0 4 0 0 0

<CPU STAT>
cpu  5354 0 356 115109 69 0 4 0 0 0

cpu0 5354 0 356 115109 69 0 4 0 0 0

<CPU STAT>
cpu  5364 0 356 115109 69 0 4 0 0 0

cpu0 5364 0 356 115109 69 0 4 0 0 0

<CPU STAT>
cpu  5374 0 356 115109 69 0 4 0 0 0

cpu0 5374 0 356 115109 69 0 4 0 0 0

<CPU STAT>
cpu  5384 0 356 115109 69 0 4 0 0 0

cpu0 5384 0 356 115109 69 0 4 0 0 0

<CPU STAT>
cpu  5394 0 356 115109 69 0 4 0 0 0

cpu0 5394 0 356 115109 69 0 4 0 0 0

<CPU STAT>
cpu  5404 0 356 115109 69 0 4 0 0 0

cpu0 5404 0 356 115109 69 0 4 0 0 0

<CPU STAT>
cpu  5414 0 356 115109 69 0 4 0 0 0

cpu0 5414 0 356 115109 69 0 4 0 0 0

<CPU STAT>
cpu  5424 0 356 115109 69 0 4 0 0 0

cpu0 5424 0 356 115109 69 0 4 0 0 0

<CPU STAT>
cpu  5434 0 356 115109 69 0 4 0 0 0

cpu0 5434 0 356 115109 69 0 4 0 0 0

<CPU STAT>
cpu  5444 0 356 115109 69 0 4 0 0 0

cpu0 5444 0 356 115109 69 0 4 0 0 0

<CPU STAT>
cpu  5454 0 356 115109 69 0 4 0 0 0

cpu0 5454 0 356 115109 69 0 4 0 0 0

<CPU STAT>
cpu  5464 0 356 115109 69 0 4 0 0 0

cpu0 5464 0 356 115109 69 0 4 0 0 0

<CPU STAT>
cpu  5474 0 356 115109 69 0 4 0 0 0

cpu0 5474 0 356 115109 69 0 4 0 0 0

<CPU STAT>
cpu  5484 0 356 115109 69 0 4 0 0 0

cpu0 5484 0 356 115109 69 0 4 0 0 0

<CPU STAT>
cpu  5494 0 356 115109 69 0 4 0 0 0

cpu0 5494 0 356 115109 69 0 4 0 0 0

<CPU STAT>
cpu  5504 0 356 115109 69 0 4 0 0 0

cpu0 5504 0 356 115109 69 0 4 0 0 0

<CPU STAT>
cpu  5514 0 356 115109 69 0 4 0 0 0

cpu0 5514 0 356 115109 69 0 4 0 0 0

<CPU STAT>
cpu  5524 0 356 115109 69 0 4 0 0 0

cpu0 5524 0 356 115109 69 0 4 0 0 0

<CPU STAT>
cpu  5534 0 356 115109 69 0 4 0 0 0

cpu0 5534 0 356 115109 69 0 4 0 0 0

<CPU STAT>
cpu  5544 0 356 115109 69 0 4 0 0 0

cpu0 5544 0 356 115109 69 0 4 0 0 0

<CPU STAT>
cpu  5554 0 356 115109 69 0 4 0 0 0

cpu0 5554 0 356 115109 69 0 4 0 0 0

<CPU STAT>
cpu  5564 0 356 115109 69 0 4 0 0 0

cpu0 5564 0 356 115109 69 0 4 0 0 0

<CPU STAT>
cpu  5575 0 356 115109 69 0 4 0 0 0

cpu0 5575 0 356 115109 69 0 4 0 0 0

<CPU STAT>
cpu  5584 0 356 115109 69 0 4 0 0 0

cpu0 5584 0 356 115109 69 0 4 0 0 0

<CPU STAT>
cpu  5594 0 356 115109 69 0 4 0 0 0

cpu0 5594 0 356 115109 69 0 4 0 0 0

<CPU STAT>
cpu  5604 0 356 115109 69 0 4 0 0 0

cpu0 5604 0 356 115109 69 0 4 0 0 0

<CPU STAT>
cpu  5614 0 356 115109 69 0 4 0 0 0

cpu0 5614 0 356 115109 69 0 4 0 0 0

<2577699325>[THREADS] TERMINATING DUE TO SIGUSR1 

